COUNT: 3000
MEAN: 1.8790659927977473e+20
MEDIAN: 1.88008049965543e+20
MODE: #N/A
SD: 1.0738205017381e+20
VARIANCE: 1.1534749616069338e+40
Execution Time: 0.001803s
