COUNT: 400
MEAN: 242.32
MEDIAN: 239.5
MODE: 393.0
SD: 145.25810683056557
VARIANCE: 21152.79959899749
Execution Time: 0.000301s
