COUNT: 12624
MEAN: 149.00267347908746
MEDIAN: 147.75
MODE: 123.75
SD: 130.41441961308894
VARIANCE: 17009.26821851143
Execution Time: 0.006207s
