COUNT: 12769
MEAN: 2.474673954997149e+20
MEDIAN: 2.4664097307429e+20
MODE: #N/A
SD: 1.4460564700984703e+20
VARIANCE: 2.091243115380632e+40
Execution Time: 0.007390s
