COUNT: 1977
MEAN: 250.7840161861406
MEDIAN: 247.0
MODE: 230.0
SD: 144.17131868884059
VARIANCE: 20795.88804398353
Execution Time: 0.000672s
