COUNT: 12624
MEAN: 249.77621989860583
MEDIAN: 249.0
MODE: 94.0
SD: 145.31784980917962
VARIANCE: 21118.950393821862
Execution Time: 0.003478s
